------ Begin Next Fly'm ------


"Begin Fly'm (Mon Jul 17 14:42:45 2017)"
"Ions Flown Separately, Comp Quality(10)"
"Number of Ions to Fly = 100"
"Changes:","Mass","Charge","X","Y","Z","KE","Azm","Elv","Time of Birth"
" ","NO ","NO ","YES","YES","YES","YES","YES","YES","NO "


"Ion N","Events","TOF","Mass","Charge","X","Y","Z","E","KE"

         1,         1,         0,         5,         1,120.011697,-0.01351713613,0.08521586234,239.5989593,3.121335748
         1,         4,2.146042632,         5,         1,871.9999998,0.5572065977,20.5405696,-2100.000016,2343.836676
         2,         1,         0,         5,         1,120.0542129,-0.1028459766,-0.01733656879,238.1412723,2.899872002
         2,         4,2.155827006,         5,         1,871.9999999,-15.71572065,2.980926949,-2100.000011,2341.446181
         3,         1,         0,         5,         1,120.0010257,0.0123726061,-0.05571742397,239.9648345,3.216567843
         3,         4,2.130814292,         5,         1,871.9999993,-5.192550339,-3.977667879,-2100.000044,2344.297707
         4,         1,         0,         5,         1,119.9600013,-0.04286247931,0.09161554183,241.3713852,3.190052877
         4,         4,2.134808927,         5,         1,871.9999996,-14.91447021,2.605203405,-2100.000029,2344.686676
         5,         1,         0,         5,         1,120.0482129,-0.07271328843,0.02313568286,238.346987,3.130920676
         5,         4,2.134724212,         5,         1,871.9999999,-8.207132739,11.95399092,-2100.000006,2341.888011
         6,         1,         0,         5,         1,119.9781636,0.07363076385,0.1764057384,240.7486763,3.105531312
         6,         4,2.140314274,         5,         1,871.9999996,-15.39750096,-11.78316173,-2100.000033,2344.081255
         7,         1,         0,         5,         1,120.0345279,0.07144378872,-0.005509383604,238.8161846,3.215803882
         7,         4,2.147898249,         5,         1,871.9999993,-5.805996655,19.79420671,-2100.000062,2343.019195
         8,         1,         0,         5,         1,119.9965547,-0.03811413162,-0.04476970737,240.1181243,3.070854084
         8,         4,2.139938942,         5,         1,871.9999993,10.69130667,-15.81212432,-2100.000059,2343.519968
         9,         1,         0,         5,         1,120.0695557,0.03963610394,0.009991697847,237.615233,2.90410196
         9,         4,2.155818303,         5,         1,871.9999993,16.07497851,-0.4924568474,-2100.000049,2340.813075
        10,         1,         0,         5,         1,119.9465539,-0.2360879287,-0.05116742409,241.8324364,3.12436381
        10,         4,2.145267642,         5,         1,871.9999995,4.080786081,20.14459926,-2100.000045,2346.645675
        11,         1,         0,         5,         1,119.9345334,0.1602677893,-0.1468858884,242.2445685,3.092761048
        11,         4,2.140422362,         5,         1,871.9999996,-4.067690952,18.98824241,-2100.000034,2345.446391
        12,         1,         0,         5,         1,119.9099321,-0.01331127854,0.1030261843,243.0880425,2.912260123
        12,         4,2.14684156,         5,         1,871.9999994,-10.44663619,-16.72519715,-2100.00005,2347.367217
        13,         1,         0,         5,         1,119.9899236,0.107684354,0.1004670914,240.345477,3.053868131
        13,         4,2.160200311,         5,         1,871.9999998,7.695036495,8.915715566,-2100.000013,2343.378074
        14,         1,         0,         5,         1,120.0763829,0.003792238398,-0.02754086082,237.3811591,2.996766516
        14,         4,2.150376866,         5,         1,871.9999993,-12.06444502,-15.24141903,-2100.00006,2340.219678
        15,         1,         0,         5,         1,119.9618849,-0.1159335619,-0.09105998762,241.3068037,2.920621468
        15,         4,2.139750275,         5,         1,871.9999992,1.456509157,-18.26706626,-2100.000066,2344.009494
        16,         1,         0,         5,         1,120.0823059,-0.08151564477,-0.05921373501,237.178083,2.843406715
        16,         4,2.158557345,         5,         1,871.9999995,-10.26114117,7.272105259,-2100.000033,2341.565992
        17,         1,         0,         5,         1,120.0264087,0.07831007318,-0.1259605647,239.0945596,2.837876563
        17,         4,2.159639076,         5,         1,871.9999994,5.953382439,10.25291618,-2100.00004,2341.643856
        18,         1,         0,         5,         1,119.8789689,-0.1202960587,0.1431586688,244.1496376,2.987561322
        18,         4,2.133694856,         5,         1,871.9999995,-7.625274148,9.912637846,-2100.000038,2347.173317
        19,         1,         0,         5,         1,120.0530957,0.04784808768,0.08301948004,238.1795764,3.086267864
        19,         4,2.134776116,         5,         1,871.9999992,-2.339964441,13.9870601,-2100.000059,2341.484428
        20,         1,         0,         5,         1,120.1291943,-0.07710630349,0.08014330169,235.5704829,2.988077247
        20,         4,2.150332885,         5,         1,871.9999995,-11.3236728,-15.89906786,-2100.000038,2337.949567
        21,         1,         0,         5,         1,120.1437933,0.07119337919,0.04572064436,235.0699447,3.061365127
        21,         4,2.157195857,         5,         1,871.9999994,10.27880755,11.74881374,-2100.000044,2338.52391
        22,         1,         0,         5,         1,119.9773008,0.04775650069,0.1196479861,240.7782588,2.956278311
        22,         4,2.152177412,         5,         1,871.9999996,-17.52616341,-5.61994529,-2100.000035,2344.085902
        23,         1,         0,         5,         1,119.8790184,0.09175022112,-0.1609633742,244.1479406,2.984492942
        23,         4,2.142121987,         5,         1,871.9999994,-11.77773372,15.74852915,-2100.000047,2347.170406
        24,         1,         0,         5,         1,120.0854706,0.1271442442,-0.006718612358,237.0695801,2.992610699
        24,         4,2.157429663,         5,         1,871.9999992,-14.34408086,-4.024978296,-2100.00006,2340.701479
        25,         1,         0,         5,         1,119.9714647,-0.1003669505,0.1760534009,240.9783515,3.029710664
        25,         4,2.133214309,         5,         1,871.9999996,-5.773017659,9.830540077,-2100.000029,2344.21076
        26,         1,         0,         5,         1,120.004738,0.1144672134,-0.06131570189,239.8375527,3.107009616
        26,         4,2.146946073,         5,         1,871.9999996,17.17874571,11.02572845,-2100.000038,2344.082606
        27,         1,         0,         5,         1,119.8829712,0.0118348744,0.02039417689,244.0124168,3.073637192
        27,         4,2.149413449,         5,         1,871.9999998,-17.80686956,-8.17797021,-2100.000015,2348.72444
        28,         1,         0,         5,         1,119.9436189,0.1422071072,-0.07327185231,241.9330665,3.00361091
        28,         4,2.144276716,         5,         1,871.9999994,-1.633052423,-20.02981883,-2100.000046,2344.630009
        29,         1,         0,         5,         1,119.9397026,0.001192894722,-0.002545857889,242.0673404,3.048262247
        29,         4,2.15202589,         5,         1,871.9999995,13.98528807,-12.34313672,-2100.000037,2345.824247
        30,         1,         0,         5,         1,120.0095784,0.1169157968,-0.04670358241,239.6715968,3.161886717
        30,         4,2.131903251,         5,         1,871.9999995,-5.662143987,-7.154063805,-2100.000034,2343.416105
        31,         1,         0,         5,         1,120.1251133,0.06751439762,-0.08279660087,235.7103997,3.149366254
        31,         4,2.143837632,         5,         1,871.9999997,-10.45157458,-17.65646589,-2100.000024,2339.290524
        32,         1,         0,         5,         1,119.9206424,0.04083137896,0.1187513125,242.720832,3.017143835
        32,         4,2.144434294,         5,         1,871.9999997,1.962084933,-20.0860861,-2100.000029,2346.536592
        33,         1,         0,         5,         1,119.9010519,0.1334030346,-0.06080522692,243.392507,2.821615882
        33,         4,2.131474433,         5,         1,       872,-1.798347569,2.609751747,-2100.000003,2346.504478
        34,         1,         0,         5,         1,119.8639762,0.146335452,0.05848873424,244.6636741,3.242706785
        34,         4,2.149469911,         5,         1,       872,-4.986070512,19.66373351,-2100.000002,2348.137343
        35,         1,         0,         5,         1,119.9314815,0.06439818944,-0.02715208787,242.3492074,2.978855161
        35,         4,2.159804587,         5,         1,871.9999992,4.582716049,10.57593246,-2100.000058,2345.777984
        36,         1,         0,         5,         1,119.9492621,0.0112785277,0.1399880808,241.7395851,2.969678293
        36,         4,2.146116861,         5,         1,871.9999995,-18.19385875,8.34300172,-2100.00004,2346.081262
        37,         1,         0,         5,         1,119.8239067,-0.01147443129,-0.0726444046,246.0374848,3.096445539
        37,         4,2.161714722,         5,         1,871.9999995,-2.696726891,6.291381714,-2100.000031,2350.717995
        38,         1,         0,         5,         1,119.926614,0.02518468466,-0.04800990454,242.5160922,2.911653716
        38,         4,2.159905298,         5,         1,871.9999998,-0.1560327655,-11.11038066,-2100.000013,2345.740164
        39,         1,         0,         5,         1,119.8916476,0.1369545229,0.1514116324,243.7149398,2.866436257
        39,         4,2.132109079,         5,         1,871.9999999,0.7068791403,7.047635162,-2100.000003,2346.558235
        40,         1,         0,         5,         1,120.0903047,0.03291786058,-0.01258287404,236.9038375, 2.9154838
        40,         4,2.146769863,         5,         1,871.9999995,-12.639878,15.31166897,-2100.000038,2339.73422
        41,         1,         0,         5,         1,120.015378,-0.0991716793,0.1479094556,239.4727538,3.110381827
        41,         4,2.157705813,         5,         1,871.9999992,6.214587226,13.68144834,-2100.000059,2342.865404
        42,         1,         0,         5,         1,119.9381631,-0.0453806232,-0.06102203981,242.1201212,2.99455455
        42,         4,2.157949783,         5,         1,871.9999992,-2.056206907,14.03064722,-2100.000059,2345.220633
        43,         1,         0,         5,         1,120.1098026,0.0423242105,-0.07162937568,236.2353393,3.081663729
        43,         4,2.148120059,         5,         1,       872,-18.29969071,8.683677373,     -2100,2339.412686
        44,         1,         0,         5,         1,120.1067483,-0.05214959295,-0.05447651342,236.340059,3.031757513
        44,         4,2.159157681,         5,         1,871.9999995,-6.212853074,12.05068505,-2100.000039,2339.29521
        45,         1,         0,         5,         1,120.0935895,-0.09013796674,0.1556859864,236.7912177,3.164730392
        45,         4,2.153408764,         5,         1,871.9999992,-15.80392324,10.18415329,-2100.000062,2339.334655
        46,         1,         0,         5,         1,119.8953567,0.006634860383,-0.1001675341,243.5877711,2.931312819
        46,         4,2.133900237,         5,         1,871.9999998,8.224383235,9.544397513,-2100.000014,2346.874266
        47,         1,         0,         5,         1,119.8227039,0.06128275369,-0.04964865471,246.0787243,3.024069721
        47,         4,2.148664356,         5,         1,871.9999995,13.21903053,14.71190035,-2100.000044,2349.265194
        48,         1,         0,         5,         1,120.0385943,-0.127907753,0.00462675723,238.6767683,3.041081046
        48,         4,2.159869647,         5,         1,871.9999998,-10.81563381,-6.155217494,-2100.000017,2341.592709
        49,         1,         0,         5,         1,119.9416827,0.008320842559,-0.1178269625,241.9994497,3.189993898
        49,         4,2.149541012,         5,         1,871.9999991,-9.793027506,17.44770526,-2100.000071,2346.587287
        50,         1,         0,         5,         1,120.1965388,-0.0938909037,0.001654919717,233.2615274,3.107721718
        50,         4,2.134170262,         5,         1,871.9999993,-8.150592207,-9.497418053,-2100.00005,2336.342751
        51,         1,         0,         5,         1,119.9410077,0.005878121419,-0.142314961,242.022592,3.127401115
        51,         4,2.143511898,         5,         1,871.9999998,16.52212587,-12.045418,-2100.000021,2345.278206
        52,         1,         0,         5,         1,120.0717086,-0.08781406894,-0.09930737618,237.5414206,3.066061406
        52,         4,2.158725168,         5,         1,871.9999997,13.80580888,1.475621301,-2100.00002,2340.991645
        53,         1,         0,         5,         1,120.0318164,-0.1442964702,-0.01580985849,238.9091506,2.977021493
        53,         4,2.148714732,         5,         1,871.9999992,-13.35327196,14.53149979,-2100.000065,2342.362277
        54,         1,         0,         5,         1,119.8861487,-0.0488971614,-0.1072924165,243.9034746,2.920319146
        54,         4,2.163052023,         5,         1,871.9999993,-1.318278972,-2.663646458,-2100.000041,2346.624801
        55,         1,         0,         5,         1,120.0496118,-0.09044936313,-0.02345806109,238.2990254,2.953935876
        55,         4,2.150849545,         5,         1,871.9999992, 16.607237,-9.435124899,-2100.000064,2341.18406
        56,         1,         0,         5,         1,120.0734743,-0.1055877004,-0.1912469436,237.4808817,3.091659657
        56,         4,2.157613494,         5,         1,871.9999996,-13.31699318,-6.941487682,-2100.000032,2341.328494
        57,         1,         0,         5,         1,120.0353509,-0.005953821674,0.0008197533617,238.7879698,2.892675257
        57,         4,2.149215602,         5,         1,871.9999991,19.32254189,1.261637698,-2100.00007,2341.781234
        58,         1,         0,         5,         1,120.1288103,0.05104027058,-0.009506923108,235.5836476,2.904863059
        58,         4,2.134688621,         5,         1,871.9999994,-6.34389566,-11.88073343,-2100.000044,2340.002837
        59,         1,         0,         5,         1,119.9273337,-0.1400173366,-0.09383035724,242.4914171,2.968109177
        59,         4,2.13555755,         5,         1,871.9999998,-3.728788472,-14.54848257,-2100.000012,2345.474839
        60,         1,         0,         5,         1,120.0120167,0.06299438166,-0.1387333759,239.5879978,3.072549733
        60,         4,2.161102111,         5,         1,871.9999997,-6.299995819,-7.43721175,-2100.000023,2343.778065
        61,         1,         0,         5,         1,119.9143901,-0.06041588455,-0.1113089184,242.9351982,3.055835368
        61,         4,2.138356971,         5,         1,871.9999992,16.32791309,-8.808049327,-2100.000063,2347.71528
        62,         1,         0,         5,         1,120.1013524,-0.1161414892,0.03801896068, 236.52506,2.944111824
        62,         4,2.136114655,         5,         1,871.9999994,14.24388647,4.566771366,-2100.000043,2339.463861
        63,         1,         0,         5,         1,120.011335,-0.1251894752,0.0695493117,239.6113709,2.941738674
        63,         4,2.15819651,         5,         1,       872,-9.337614808,9.937565342,-2100.000002,2343.285411
        64,         1,         0,         5,         1,120.0006869,0.1155158562,0.04338918924,239.9764476,3.052608855
        64,         4,2.133341178,         5,         1,871.9999996,4.57884803,10.31271761,-2100.000026,2342.807703
        65,         1,         0,         5,         1,120.0816558,-0.07781591837,0.02585592406,237.200371,3.014316624
        65,         4,2.156775879,         5,         1,871.9999997,7.886215694,-13.68512211,-2100.000019,2340.189686
        66,         1,         0,         5,         1,119.9891265,0.1333028933,0.01140124845,240.3728066,2.889045899
        66,         4,2.147132453,         5,         1,871.9999998,2.200802907,-19.55299017,-2100.000018,2343.96771
        67,         1,         0,         5,         1,119.9603554,0.0135345175,0.1485395182,241.359245,3.028141775
        67,         4,2.144301612,         5,         1,       872,5.442408011,19.43065081,-2100.000004,2343.885358
        68,         1,         0,         5,         1,120.0086181,-0.01929499315,0.0370030017,239.7045223,2.85749582
        68,         4,2.13742392,         5,         1,871.9999994,-15.43985117,-5.010480907,-2100.000045,2342.458579
        69,         1,         0,         5,         1,119.927459,-0.05217078665,-0.01712895646,242.4871192,2.799184023
        69,         4,2.131654494,         5,         1,871.9999999,-0.9685534049,-2.486070673,-2100.000009,2345.257683
        70,         1,         0,         5,         1,119.9684469,0.1330633784,0.008691368416,241.0818208,3.044041056
        70,         4,2.153706855,         5,         1,871.9999992,14.04770351,11.08190151,-2100.000062,2344.290398
        71,         1,         0,         5,         1,119.9890793,-0.02813711914,0.06594968437,240.3744251,3.107570593
        71,         4,2.154080808,         5,         1,871.9999996,17.5312451,-3.776986253,-2100.000031,2343.566134
        72,         1,         0,         5,         1,120.0637988,-0.0985461932,0.06677076252,237.8126114,2.943065938
        72,         4,2.145402047,         5,         1,871.9999997,19.92745994,0.7777074333,-2100.000021,2340.077659
        73,         1,         0,         5,         1,119.9409054,0.05555271974,-0.1337565585,242.0261006,3.030821013
        73,         4,2.156273116,         5,         1,871.9999999,-6.51784336,-14.72999021,-2100.00001,2344.695381
        74,         1,         0,         5,         1,119.8397674,-0.08766652071,-0.05396288442,245.4936885,2.791307854
        74,         4,2.136388704,         5,         1,871.9999995,-7.067452271,-13.95527022,-2100.000033,2349.000743
        75,         1,         0,         5,         1,120.0039422,0.02030980196,-0.07990644784,239.8648383,3.04289498
        75,         4,2.139919599,         5,         1,871.9999993,-18.85216589,0.06051349735,-2100.000057,2342.710073
        76,         1,         0,         5,         1,120.0937652,0.1678093754,-0.1961700709,236.7851925,2.933407068
        76,         4,2.141797602,         5,         1,871.9999996,18.49481149,5.264065095,-2100.000031,2339.793272
        77,         1,         0,         5,         1,119.946673,0.06474984009,0.1571382733,241.8283551,2.934000606
        77,         4,2.155460688,         5,         1,871.9999995,-1.539237914,-16.33426963,-2100.000036,2344.324428
        78,         1,         0,         5,         1,120.0029328,0.0839399004,-0.03180849403,239.8994482,3.051826115
        78,         4,2.160459417,         5,         1,871.9999995,7.992744405,-6.795943173,-2100.000033,2344.478382
        79,         1,         0,         5,         1,120.0490312,-0.04328790755,-0.07489826927,238.3189314,2.853398932
        79,         4,2.13936609,         5,         1,871.9999999,-13.58789063,-11.45235175,-2100.000011,2341.395511
        80,         1,         0,         5,         1,120.1983924,0.05732057798,-0.0937409508,233.1979735,3.037418102
        80,         4,2.152871776,         5,         1,871.9999992,15.9387231,9.647866688,-2100.000067,2336.534194
        81,         1,         0,         5,         1,120.0933744,0.07214638468,0.1741555445,236.7985937,2.933511584
        81,         4,2.131657806,         5,         1,871.9999995,3.281323168,-1.158639081,-2100.000031,2340.049202
        82,         1,         0,         5,         1,120.1226817,-0.05025129246,0.01750254081, 235.79377,2.869937034
        82,         4,2.133023241,         5,         1,871.9999997,-7.500942379,-4.575604887,-2100.000023,2339.16096
        83,         1,         0,         5,         1,119.8982777,-0.08538859333,-0.06762062844,243.4876225,2.980739509
        83,         4,2.152993489,         5,         1,871.9999992,13.74847988,11.35901297,-2100.000061,2347.306001
        84,         1,         0,         5,         1,120.1163589,-0.008913862983,0.01440620585,236.0105537,3.106078872
        84,         4,2.146147558,         5,         1,871.9999997,-18.93948988,7.890795762,-2100.000028,2339.317051
        85,         1,         0,         5,         1,120.1033983,0.01672429381,-0.1092535723,236.4549146,2.87500812
        85,         4,2.160840568,         5,         1,       872,-8.223821749,5.823140928,-2100.000002,2339.736818
        86,         1,         0,         5,         1,120.0740563,-0.04810200826,0.113407899,237.4609279,2.956496936
        86,         4,2.145426627,         5,         1,871.9999993,19.98691193,0.4304572482,-2100.000057,2339.728632
        87,         1,         0,         5,         1,119.9872993,-0.05871057965,-0.04554138539,240.4354518,2.982587194
        87,         4,2.143030608,         5,         1,871.9999994,-12.67682842,15.2675086,-2100.000047,2343.697695
        88,         1,         0,         5,         1,120.0872527,-0.2007120152,-0.1331238929,237.0084779,2.905467871
        88,         4,2.136721745,         5,         1,871.9999999,-14.0397048,6.188230704,-2100.000005,2339.411367
        89,         1,         0,         5,         1,120.1444202,-0.01549720089,0.2491435063,235.0484494,2.915635949
        89,         4,2.133026519,         5,         1,871.9999993,-0.3879092325,8.169389668,-2100.000049,2337.725325
        90,         1,         0,         5,         1,119.9602064,-0.000113800652,0.2184408214,241.3643527,2.916226265
        90,         4,2.13436763,         5,         1,871.9999996,-2.029649719,-12.79534959,-2100.000025,2344.583914
        91,         1,         0,         5,         1,120.0088235,-0.1218718649,-0.02518410446,239.6974809,2.906399299
        91,         4,2.137912099,         5,         1,871.9999996,8.707027559,14.50413672,-2100.00003,2342.585163
        92,         1,         0,         5,         1,120.071372,0.001744950405,-0.1505014082,237.5529593,3.177155873
        92,         4,2.140419842,         5,         1,871.9999991,19.29031696,-3.898858236,-2100.00007,2341.300883
        93,         1,         0,         5,         1,120.0927442,-0.07824744439,0.05352759908,236.8201981,2.912994208
        93,         4,2.13437605,         5,         1,871.9999998,-10.3056422,7.939546856,-2100.000016,2340.973535
        94,         1,         0,         5,         1,120.0035162,-0.01530402935,-0.1112713248,239.8794433,2.803892982
        94,         4,2.153778823,         5,         1,871.9999999,15.0318805,8.374858233,-2100.000009,2342.320484
        95,         1,         0,         5,         1,119.9907557,0.05589503096,-0.03637922753,240.3169479,2.920444457
        95,         4,2.132050435,         5,         1,871.9999999,-5.961787538,-4.570909605,-2100.000005,2343.969429
        96,         1,         0,         5,         1,119.9723948,0.05759523433,0.119898936,240.9464655,3.104951155
        96,         4,2.134193048,         5,         1,871.9999993,-7.205765446,-11.35103022,-2100.000049,2343.793815
        97,         1,         0,         5,         1,119.9595166,-0.007834317524,0.001258092157,241.3880006,2.945948775
        97,         4,2.132502242,         5,         1,871.9999992,7.395207777,4.383213181,-2100.000053,2344.248691
        98,         1,         0,         5,         1,119.9388282,-0.1146130048,0.06381182585, 242.09732,3.088953559
        98,         4,2.157903891,         5,         1,871.9999994,-5.890947927,-13.39956612,-2100.000047,2345.191877
        99,         1,         0,         5,         1,120.0273651,0.009421662544,-0.0421648607,239.0617687,2.901332188
        99,         4,2.14887804,         5,         1,871.9999995,15.17334697,12.17879495,-2100.000039,2342.181764
       100,         1,         0,         5,         1,119.9318114,-0.04932826245,-0.04454802916,242.3378944,3.090085794
       100,         4,2.132772302,         5,         1,871.9999999,-6.925971547,7.455095158,-2100.000005,2344.678979
