Bincenters,m2q
1.05,0
1.15,0
1.25,0
1.35,0
1.45,0
1.55,0
1.65,0
1.75,0
1.85,0
1.95,0
2.05,0
2.15,0
2.25,0
2.35,0
2.45,0
2.55,0
2.65,0
2.75,0
2.85,0
2.95,0
3.05,0
3.15,0
3.25,0
3.35,0
3.45,0
3.55,0
3.65,0
3.75,0
3.85,0
3.95,0
4.05,0
4.15,0
4.25,0
4.35,0
4.45,0
4.55,0
4.65,0
4.75,0
4.85,0
4.95,0
5.05,0
5.15,0
5.25,0
5.35,0
5.45,0
5.55,0
5.65,0
5.75,0
5.85,0
5.95,0
6.05,0
6.15,2
6.25,10.568972331008
6.35,27.5903665911965
6.45,12.4965401011708
6.55,7.13193127116224
6.65,13.0381047811366
6.75,19.4715801309509
6.85,29.6378388508139
6.95,26.8040975706768
7.05,7.07131420062824
7.15,21.6200103006568
7.25,35.4359230306368
7.35,5.2732300208053
7.45,10.4787115510138
7.55,33.2079292110309
7.65,18.1319312711622
7.75,27.3991479011137
7.85,21.0452362011994
7.95,33.489408681108
8.05,42.5582752009138
8.15,23.3706222208624
8.25,13.1794035307796
8.35,19.9846191306654
8.45,15.2554014706482
8.55,18.5226181005997
8.65,22.9881848406968
8.75,8.26966431077389
8.85,22.8219261208338
8.95,17.6485359809081
9.05,40.2946242809938
9.15,21.4787115510138
9.25,17.0167105209481
9.35,16.6521016909395
9.45,29.1069713009423
9.55,37.3706222208624
9.65,-0.181639589197573
9.75,2.08557704075389
9.85,29.244704340554
9.95,23.8907926406397
10.05,27.4323573206054
10.15,30.8040975706768
10.25,22.4501858707625
10.35,0.738796760902375
10.45,18.182969240811
10.55,17.3741879308938
10.65,9.47514584098235
10.75,25.8361889609595
10.85,11.6485359809081
10.95,44.3599250907682
11.05,12.6414045608453
11.15,12.9917505507282
11.25,32.3456622506425
11.35,12.9917505507282
11.45,1.89435835067107
11.55,18.3527936707054
11.65,19.2482700505854
11.75,16.6235760106882
11.85,29.6378388508139
11.95,16.998881970791
12.05,50.0820113307225
12.15,10.0024476808224
12.25,37.5440123607881
12.35,17.182969240811
12.45,8.19723208093666
12.55,20.1034055909109
12.65,28.1758378207482
12.75,10.3634908007996
12.85,26.9086211907967
12.95,22.5333152306939
13.05,12.2589671806796
13.15,28.9846191306654
13.25,25.8005318606454
13.35,10.262532890711
13.45,31.4394887406682
13.55,-0.00824944927180127
13.65,25.4608830008567
13.75,27.3706222208624
13.85,25.1972320809367
13.95,25.8397546709909
14.05,38.8397546709909
14.15,26.5796694611023
14.25,41.2079292110309
14.35,34.9478440011422
14.45,90.0559333312936
14.55,87.1604569514136
14.65,99.6224579814792
14.75,101.636720821605
14.85,139.93959455187
14.95,168.506119202056
15.05,160.249599702199
15.15,134.221074021948
15.25,175.65098366173
15.35,107.643852241668
15.45,114.886108901399
15.55,92.7744538612165
15.65,61.1105370109738
15.75,24.5475780708196
15.85,21.1901006608738
15.95,29.367056510831
16.05,9.81479470077102
16.15,14.9086211907967
16.25,15.1794035307796
16.35,15.9050554807653
16.45,17.1722721107168
16.55,23.4430544506996
16.65,24.8907926406397
16.75,11.1687064006854
16.85,12.0677484905968
16.95,9.98818484069679
17.05,24.612878880594
17.15,2.53331523069392
17.25,11.4323573206054
17.35,13.6093131705626
17.45,22.4323573206054
17.55,2.70313966058826
17.65,15.4359230306368
17.75,22.3349651205483
17.85,19.796966150614
17.95,12.4430544506996
18.05,23.4430544506996
18.15,11.6164445906254
18.25,15.3420965406111
18.35,4.52261810059969
18.45,20.9739220005711
18.55,17.1580092705911
18.65,8.06418278056542
18.75,8.97035629053971
18.85,14.8800955105454
18.95,8.51548668053687
19.05,2.60931317056256
19.15,0.0641827805654174
19.25,19.428791610574
19.35,6.51192097050544
19.45,16.5226181005997
19.55,16.428791610574
19.65,33.428791610574
19.75,14.612878880594
19.85,35.4252259005426
19.95,16.1544435605597
20.05,27.7934004405825
20.15,21.3385308305797
20.25,2.52974952066251
20.35,19.1544435605597
20.45,9.79696615061397
20.55,26.6057474605311
20.65,32.5190523905683
20.75,24.5154866805369
20.85,-15.2065995594175
20.95,4.96322487047689
21.05,8.60218175049974
21.15,10.508355260474
21.25,16.4252259005426
21.35,27.7827033104883
21.45,4.0570513605026
21.55,7.97035629053971
21.65,17.2411386305226
21.75,-5.7517299494146
21.85,14.2375729204912
21.95,12.1437464304655
22.05,15.6960082405254
22.15,6.42879161057398
22.25,15.7862690205197
22.35,8.33496512054828
22.45,16.5119209705054
22.55,18.7862690205197
22.65,5.71027108065108
22.75,17.060617070534
22.85,-2.7517299494146
22.95,19.0534856504712
23.05,24.8836612205768
23.15,15.3313994105169
23.25,2.51548668053687
23.35,10.508355260474
23.45,14.6888768204626
23.55,13.6960082405254
23.65,8.79340044058254
23.75,21.9667905805083
23.85,17.0570513605026
23.95,10.3349651205483
24.05,39.1508778505283
24.15,3.25540147064822
24.25,10.7898347305511
24.35,-1.11990448945457
24.45,7.15800927059112
24.55,27.5261838106311
24.65,31.1687064006854
24.75,25.9917505507282
24.85,18.6235760106882
24.95,19.4573172908253
25.05,26.8254918308652
25.15,14.9121869008281
25.25,30.0274076510423
25.35,49.5761037510709
25.45,44.857583221148
25.55,35.6948902113164
25.65,40.7887167013421
25.75,59.8172423815935
25.85,60.7555072818504
25.95,112.401595581936
26.05,123.354123322319
26.15,184.938476522661
26.25,132.24848167299
26.35,147.724745543181
26.45,258.601275343695
26.55,280.138156284421
26.65,391.378176885734
26.75,596.607500356954
26.85,737.485359809081
26.95,845.909467680415
27.05,1005.21590712071
27.15,878.455716099621
27.25,674.234642077673
27.35,487.15374877616
27.45,363.559816474932
27.55,289.557368794109
27.65,272.889886233835
27.75,234.767534063558
27.85,263.695101833721
27.95,306.705798963815
28.05,307.309098743524
28.15,233.287704483335
28.25,206.681957022804
28.35,167.577433402684
28.45,237.032303012687
28.55,177.837518612573
28.65,209.219955992739
28.75,214.190312283278
28.85,314.532408823889
28.95,362.932674754212
29.05,380.022935534206
29.15,305.326927293681
29.25,321.446831783136
29.35,254.465778362502
29.45,164.513250622119
29.55,149.221074021948
29.65,126.192548341696
29.75,96.4490678415535
29.85,78.8029795414678
29.95,78.7780195712479
30.05,83.7708881511851
30.15,49.1936663709052
30.25,23.2732300208053
30.35,32.4430544506996
30.45,22.9774877106025
30.55,25.428791610574
30.65,5.3385308305797
30.75,36.692442530494
30.85,26.3349651205483
30.95,22.8800955105454
31.05,18.3207022804226
31.15,19.3278337004855
31.25,2.04991994043976
31.35,-2.9429486394974
31.45,15.508355260474
31.55,7.69600824052544
31.65,15.876529800514
31.75,15.4252259005426
31.85,10.8693983804512
31.95,17.428791610574
32.05,14.6021817504997
32.15,8.69244253049402
32.25,30.2375729204912
32.35,4.50835526047403
32.45,25.876529800514
32.55,14.0534856504712
32.65,8.77913760045691
32.75,-3.66503487945172
32.85,15.1437464304655
32.95,15.876529800514
33.05,7.15087785052829
33.15,16.508355260474
33.25,7.8729640904826
33.35,3.05348565047117
33.45,2.41809448047975
33.55,7.04991994043976
33.65,7.50478955044262
33.75,15.3207022804226
33.85,3.59861604046833
33.95,4.50835526047403
34.05,5.9667905805083
34.15,14.1366150104027
34.25,8.42166019051116
34.35,5.32783370048546
34.45,23.2340072104598
34.55,8.32783370048546
34.65,2.50835526047403
34.75,22.4180944804798
34.85,16.3313994105169
34.95,5.23400721045975
35.05,15.6888768204626
35.15,12.1508778505283
35.25,14.0570513605026
35.35,25.876529800514
35.45,21.6200103006568
35.55,9.52261810059969
35.65,31.1687064006854
35.75,21.8076632807082
35.85,8.08201133072248
35.95,17.9086211907967
36.05,28.0820113307225
36.15,0.096274170848119
36.25,11.8290575408967
36.35,40.5582752009138
36.45,26.6627988210337
36.55,-2.42033053889773
36.65,23.8611489311794
36.75,55.7815852812793
36.85,44.7994138314364
36.95,41.2614148615021
37.05,42.1961140517276
37.15,53.4633306816791
37.25,53.3006376718476
37.35,88.610642822176
37.45,110.346991902256
37.55,100.108300952556
37.65,168.56673627259
37.75,212.731876963244
37.85,228.58701250357
37.95,181.157102863787
38.05,254.033632664301
38.15,240.733206614857
38.25,314.714260035491
38.35,360.41739969608
38.45,497.701326846979
38.55,494.024476808224
38.65,753.004412199649
38.75,840.377482101334
38.85,901.801589972667
38.95,1013.03559718313
39.05,1015.55933331294
39.15,885.394192622282
39.25,808.10781779056
39.35,681.84885060988
39.45,569.724050758781
39.55,424.061251937747
39.65,560.423413086934
39.75,511.481582476645
39.85,430.662104036634
39.95,426.005318606454
40.05,402.143051646065
40.15,410.020699475788
40.25,418.082434575531
40.35,437.746351425774
40.45,374.7606142659
40.55,459.377058856525
40.65,567.191853557296
40.75,608.504306388447
40.85,789.481794099049
40.95,785.260931699507
41.05,810.351192479501
41.15,744.06369961857
41.25,613.328468567699
41.35,534.980358636234
41.45,366.650077254926
41.55,350.246245614572
41.65,265.316230163587
41.75,238.277007353241
41.85,244.244915962958
41.95,166.060828692938
42.05,200.021605882593
42.15,163.35768903235
42.25,111.679509341982
42.35,123.408727001999
42.45,110.279243411659
42.55,87.4597649716477
42.65,89.5939323012279
42.75,69.7637567311223
42.85,58.3920164810509
42.95,58.7637567311223
43.05,56.8254918308652
43.15,51.0095791008852
43.25,54.9050554807653
43.35,34.9086211907967
43.45,29.1651406906539
43.55,21.6200103006568
43.65,39.1473121404969
43.75,17.244704340554
43.85,9.70670537061967
43.95,22.7067053706197
44.05,16.5226181005997
44.15,23.0677484905968
44.25,6.70313966058826
44.35,22.2411386305226
44.45,20.1544435605597
44.55,31.876529800514
44.65,13.2340072104598
44.75,42.508355260474
44.85,17.4252259005426
44.95,31.9632248704769
45.05,21.6995739505569
45.15,21.060617070534
45.25,38.2482700505854
45.35,20.4180944804798
45.45,23.3207022804226
45.55,17.6093131705626
45.65,10.6093131705626
45.75,11.3349651205483
45.85,17.9667905805083
45.95,12.5986160404683
46.05,7.88009551054543
46.15,-4.39068682943744
46.25,7.15087785052829
46.35,11.876529800514
46.45,14.3313994105169
46.55,13.5154866805369
46.65,7.0570513605026
46.75,15.876529800514
46.85,29.4216601905112
46.95,23.3385308305797
47.05,26.5986160404683
47.15,9.2482700505854
47.25,9.06774849059683
47.35,13.5190523905683
47.45,4.97392200057112
47.55,25.1580092705911
47.65,8.43235732060539
47.75,5.07487991065965
47.85,16.2554014706482
47.95,-0.011815159303211
48.05,33.3492279606739
48.15,15.9014897707339
48.25,19.0891427507853
48.35,-4.64007490923183
48.45,7.2732300208053
48.55,17.5475780708196
48.65,7.82549183086525
48.75,19.1105370109738
48.85,28.3884507710194
48.95,30.7566253110595
49.05,46.4787115510138
49.15,42.8611489311794
49.25,27.9656725512993
49.35,59.2257577611879
49.45,57.4419364214907
49.55,57.9906325215192
49.65,48.3695041916534
49.75,96.734113021662
49.85,61.672377921919
49.95,105.488290651899
50.05,51.1486417921103
50.15,100.509684912087
50.25,118.718732152327
50.35,117.285256802513
50.45,158.108300952556
50.55,128.133260922776
50.65,151.883872842981
50.75,192.06439440297
50.85,157.395793813487
50.95,221.912398523233
51.05,255.648747603313
51.15,207.100051503284
51.25,219.818572033207
51.35,197.082222953127
51.45,146.797177773018
51.55,143.793612062987
51.65,154.515698302941
51.75,121.51213259291
51.85,153.147523762901
51.95,209.533526853098
52.05,189.786480642924
52.15,162.519264012973
52.25,165.797177773018
52.35,175.811440613144
52.45,206.627353343124
52.55,293.847097713458
52.65,268.861360553584
52.75,218.265192193938
52.85,366.095367764044
52.95,297.824585424061
53.05,299.290152164158
53.15,316.142840023661
53.25,258.944489913515
53.35,241.908832813201
53.45,215.14395805287
53.55,146.927779392567
53.65,120.364820452413
53.75,147.343426192225
53.85,106.159338922205
53.95,132.051249592053
54.05,138.322031932036
54.15,104.592814272019
54.25,119.116550401828
54.35,119.022723911802
54.45,100.297071961816
54.55,92.7376787316934
54.65,102.484724941868
54.75,134.585682851956
54.85,150.93959455187
54.95,160.311334801942
55.05,166.474027811773
55.15,139.373069901685
55.25,91.0987218516706
55.35,78.5250657814221
55.45,49.0523676212622
55.55,74.8682803512422
55.65,48.2114949210623
55.75,45.753059601028
55.85,62.0167105209481
55.95,46.5547094908824
56.05,38.2767957308367
56.15,28.9086211907967
56.25,44.3527936707054
56.35,18.9917505507282
56.45,23.4394887406682
56.55,33.6164445906254
56.65,25.2518357606168
56.75,38.981053420634
56.85,25.1544435605597
56.95,23.3456622506425
57.05,19.6235760106882
57.15,22.9846191306654
57.25,5.69600824052544
57.35,14.244704340554
57.45,19.8800955105454
57.55,7.34209654061111
57.65,32.0641827805654
57.75,2.24470434055399
57.85,39.1473121404969
57.95,18.9667905805083
58.05,7.70313966058826
58.15,15.0499199404398
58.25,25.612878880594
58.35,6.23757292049117
58.45,17.7755718904255
58.55,19.8693983804512
58.65,25.6888768204626
58.75,11.060617070534
58.85,18.8729640904826
58.95,19.6960082405254
59.05,10.0570513605026
59.15,18.3349651205483
59.25,22.6960082405254
59.35,30.6888768204626
59.45,29.1508778505283
59.55,0.334965120548276
59.65,23.5012238404112
59.75,16.7827033104883
59.85,3.33496512054828
59.95,11.9703562905397
60.05,24.1544435605597
60.15,11.4359230306368
60.25,13.6995739505569
60.35,4.06774849059683
60.45,23.8836612205768
60.55,3.43592303063681
60.65,10.981053420634
60.75,17.630707430751
60.85,17.7174025007139
60.95,43.2660986007425
61.05,16.8112289907396
61.15,18.5440123607881
61.25,17.6414045608453
61.35,26.4537515807939
61.45,24.9228840309224
61.55,27.919318320891
61.65,35.4608830008567
61.75,19.1069713009423
61.85,15.2981899910252
61.95,34.4751458409823
62.05,21.8397546709909
62.15,51.1319312711622
62.25,21.6627988210337
62.35,35.5832351711337
62.45,30.5939323012279
62.55,39.6841930812222
62.65,46.507237231265
62.75,61.8718460612736
62.85,47.6046294313222
62.95,59.5974980112593
63.05,65.7922824113735
63.15,71.7127187614735
63.25,48.1461941112879
63.35,62.4169764512708
63.45,32.3231499612451
63.55,33.6188922714478
63.65,58.6948902113164
63.75,60.7922824113735
63.85,52.4419364214907
63.95,61.0808933015135
64.05,66.2614148615021
64.15,72.4561992616163
64.25,80.6438522416677
64.35,89.4597649716477
64.45,96.6688122118876
64.55,97.4954220719618
64.65,107.867162322033
64.75,152.430121262187
64.85,125.72586357239
64.95,149.708035022233
65.05,129.545342012402
65.15,143.62133995227
65.25,132.513250622119
65.35,159.051249592053
65.45,117.693772182107
65.55,128.134378951985
65.65,101.293506251785
65.75,141.398029871905
65.85,107.477593521805
65.95,78.6616807918248
66.05,104.994198231551
66.15,118.925331711745
66.25,131.112984691796
66.35,101.665246501856
66.45,106.004895361645
66.55,109.914634581651
66.65,110.737678731693
66.75,108.477593521805
66.85,151.57142001183
66.95,149.390898451842
67.05,118.20324547179
67.15,142.459764971648
67.25,105.351675641496
67.35,49.9941982315506
67.45,78.3338470913393
67.55,59.1426284012565
67.65,51.0309733610737
67.75,42.489408681108
67.85,50.7494938909966
67.95,42.5582752009138
68.05,58.0202762309795
68.15,53.4644487108881
68.25,58.3634908007996
68.35,21.2696643107739
68.45,22.3563593807368
68.55,18.3527936707054
68.65,25.5368809407253
68.75,13.7102710806511
68.85,33.2660986007425
68.95,16.4394887406682
69.05,28.5261838106311
69.15,26.8005318606454
69.25,16.0677484905968
69.35,12.060617070534
69.45,18.8800955105454
69.55,10.6057474605311
69.65,15.5950503304369
69.75,13.5190523905683
69.85,21.1437464304655
69.95,10.8729640904826
70.05,7.78270331048832
70.15,19.324267990454
70.25,-4.13060161954881
70.35,12.5047895504426
70.45,10.692442530494
70.55,4.96322487047689
70.65,27.6021817504997
70.75,20.7791376004569
70.85,11.3278337004855
70.95,13.6888768204626
71.05,-0.220862399543094
71.15,10.8729640904826
71.25,18.5986160404683
71.35,-7.1270359095174
71.45,12.2304415004283
71.55,5.33139941051687
71.65,6.9667905805083
71.75,19.6057474605311
71.85,9.51192097050544
71.95,14.3420965406111
72.05,1.78626902051973
72.15,25.244704340554
72.25,18.8800955105454
72.35,18.3313994105169
72.45,23.4216601905112
72.55,10.3456622506425
72.65,19.7898347305511
72.75,27.3349651205483
72.85,2.5261838106311
72.95,29.9739220005711
73.05,28.3385308305797
73.15,15.4359230306368
73.25,9.07844562069107
73.35,32.0713142006282
73.45,37.0748799106596
73.55,13.9846191306654
73.65,26.3492279606739
73.75,3.0891427507853
73.85,15.5404466507567
73.95,4.09627417084812
74.05,22.6271417207196
74.15,49.4573172908253
74.25,31.3599250907682
74.35,11.0998398808795
74.45,3.36349080079958
74.55,24.551143780851
74.65,14.2839271508995
74.75,39.0167105209481
74.85,28.0274076510423
74.95,21.8540175111166
75.05,34.7459281809652
75.15,51.9442782911108
75.25,54.3124528311508
75.35,52.2328891812508
75.45,44.3231499612451
75.55,86.9763696813936
75.65,48.2507177314078
75.75,58.997763941582
75.85,100.463330681679
75.95,75.2068111818219
76.05,98.4954220719618
76.15,127.690206472076
76.25,78.3362947721617
76.35,157.097603822462
76.45,148.757954962673
76.55,178.060828692938
76.65,230.80074348305
76.75,216.818572033207
76.85,231.471791753355
76.95,232.677273283564
77.05,264.395793813487
77.15,258.843532003427
77.25,252.381530973361
77.35,251.829269163301
77.45,201.461094623261
77.55,175.977699333007
77.65,192.898135683107
77.75,200.241350252927
77.85,159.237784542896
77.95,158.974133622976
78.05,158.237784542896
78.15,178.88030713295
78.25,188.869610002856
78.35,198.61665621303
78.45,195.710482703056
78.55,241.388662393424
78.65,196.450397493167
78.75,252.176049443153
78.85,228.269875933178
78.95,227.554921113287
79.05,228.915964233264
79.15,232.320913902827
79.25,262.154655182964
79.35,192.025171592624
79.45,193.732994992453
79.55,153.808992932322
79.65,126.968120232122
79.75,163.14864179211
79.85,128.141510372047
79.95,80.4918563619304
80.05,118.474027811773
80.15,113.824373801656
80.25,99.629589401542
80.35,99.813676671562
80.45,92.6188922714478
80.55,51.6367208216049
80.65,84.9692382613307
80.75,68.7020216313793
80.85,85.0666304613878
80.95,76.4169764512708
81.05,101.691324501285
81.15,75.041670491168
81.25,75.3088871211194
81.35,48.6556674009709
81.45,61.4644487108881
81.55,53.5547094908824
81.65,40.0998398808795
81.75,47.5404466507567
81.85,54.1722721107168
81.95,33.5297495206625
82.05,47.8979240607025
82.15,27.6164445906254
82.25,7.34209654061111
82.35,21.1651406906539
82.45,26.7067053706197
82.55,27.9703562905397
82.65,13.6057474605311
82.75,1.88722693060825
82.85,4.33139941051687
82.95,14.4252259005426
83.05,21.9667905805083
83.15,16.2411386305226
83.25,27.244704340554
83.35,20.3313994105169
83.45,26.8729640904826
83.55,18.0427885203769
83.65,6.04635423040835
83.75,16.3278337004855
83.85,0.959659160445483
83.95,7.05348565047117
84.05,4.14374643046547
84.15,15.6817454003998
84.25,6.51192097050544
84.35,13.692442530494
84.45,15.7791376004569
84.55,15.5986160404683
84.65,5.41096306041692
84.75,18.0463542304084
84.85,7.31713657039123
84.95,13.7755718904255
85.05,14.692442530494
85.15,17.2340072104598
85.25,22.6853111104312
85.35,17.9525277403826
85.45,9.14374643046547
85.55,8.68887682046261
85.65,12.6888768204626
85.75,3.96322487047689
85.85,19.9560934504141
85.95,2.14731214049688
86.05,15.692442530494
86.15,8.50835526047403
86.25,18.6021817504997
86.35,10.5154866805369
86.45,1.14731214049688
86.55,0.970356290539712
86.65,24.6888768204626
86.75,4.0570513605026
86.85,20.2375729204912
86.95,25.9632248704769
87.05,12.8729640904826
87.15,10.6960082405254
87.25,11.692442530494
87.35,15.5119209705054
87.45,5.68887682046261
87.55,34.6888768204626
87.65,28.0641827805654
87.75,12.060617070534
87.85,4.34209654061111
87.95,13.1508778505283
88.05,9.88722693060825
88.15,19.428791610574
88.25,18.0677484905968
88.35,4.79696615061397
88.45,9.89079264063966
88.55,24.6093131705626
88.65,0.988184840696789
88.75,21.6271417207196
88.85,39.262532890711
88.95,39.182969240811
89.05,24.1687064006854
89.15,17.4430544506996
89.25,21.8290575408967
89.35,39.0820113307225
89.45,46.367056510831
89.55,60.2874928609309
89.65,58.2874928609309
89.75,51.0202762309795
89.85,59.568972331008
89.95,56.384885060988
90.05,49.8504518010851
90.15,68.2150606310937
90.25,63.2328891812508
90.35,80.3267156712765
90.45,95.795848121405
90.55,64.8065452514992
90.65,111.001329651613
90.75,104.726981601599
90.85,78.8315052217191
90.95,71.4561992616163
91.05,123.015592491739
91.15,128.643852241668
91.25,111.820808091625
91.35,133.001329651613
91.45,88.6188922714478
91.55,92.0701961714192
91.65,103.705587341411
91.75,73.5250657814221
91.85,72.059499041325
91.95,67.427673581365
92.05,68.4312392913964
92.15,87.2257577611879
92.25,97.9692382613307
92.35,50.6010637212908
92.45,82.5796694611023
92.55,52.1354969811937
92.65,53.857583221148
92.75,64.2150606310937
92.85,51.9549754212051
92.95,55.2293234712193
93.05,56.673495951128
93.15,63.4751458409823
93.25,70.1176684310366
93.35,59.5547094908824
93.45,47.4537515807939
93.55,48.9050554807653
93.65,36.7387967609024
93.75,31.5440123607881
93.85,20.2589671806796
93.95,10.2732300208053
94.05,40.4430544506996
94.15,36.4394887406682
94.25,29.8040975706768
94.35,36.7102710806511
94.45,4.80053186064538
94.55,8.34922796067394
94.65,22.9774877106025
94.75,8.34209654061111
94.85,10.8872269306083
94.95,27.8729640904826
95.05,28.7898347305511
95.15,12.8800955105454
95.25,25.1473121404969
95.35,22.244704340554
95.45,24.7862690205197
95.55,11.8693983804512
95.65,15.6853111104312
95.75,1.68887682046261
95.85,10.5119209705054
95.95,5.32426799045405
96.05,15.3207022804226
96.15,11.7755718904255
96.25,7.50478955044262
96.35,5.04635423040835
96.45,-8.2244281095745
96.55,10.9596591604455
96.65,-10.8633849895973
96.75,23.7720061803941
96.85,11.1366150104027
96.95,18.9525277403826
97.05,7.77200618039407
97.15,11.3207022804226
97.25,7.95252774038265
97.35,15.2197443703341
97.45,12.7720061803941
97.55,24.5047895504426
97.65,10.8622669603884
97.75,4.40739735038551
97.85,23.1259178803084
97.95,21.4976581303798
98.05,15.2197443703341
98.15,13.4976581303798
98.25,10.6853111104312
98.35,7.40739735038551
98.45,11.4976581303798
98.55,15.8551355403255
98.65,16.8658326704198
98.75,14.5879189103741
98.85,7.32070228042264
98.95,4.76844047036266
99.05,9.58791891037409
99.15,-3.13773303961163
99.25,18.1259178803084
99.35,15.9525277403826
99.45,20.5879189103741
99.55,11.490526710317
99.65,22.490526710317
99.75,-1.68642913964018
99.85,9.85870125035696
99.95,-8.13773303961163
100.05,20.2161786603027
100.15,26.4002659303227
100.25,10.490526710317
100.35,7.4038316403541
100.45,3.22331008036552
100.55,7.04278852037694
100.65,1.22331008036552
100.75,13.7720061803941
100.85,8.32070228042264
100.95,8.4976581303798
101.05,14.0427885203769
101.15,13.6817454003998
101.25,19.4038316403541
101.35,26.0463542304084
101.45,25.0392228103455
101.55,1.04991994043976
101.65,17.7755718904255
101.75,-12.9500800595602
101.85,12.1437464304655
101.95,2.59505033043692
102.05,14.0499199404398
102.15,9.95252774038265
102.25,25.0427885203769
102.35,9.50122384041121
102.45,11.1473121404969
102.55,13.2233100803655
102.65,20.6888768204626
102.75,21.8693983804512
102.85,19.0392228103455
102.95,23.5012238404112
103.05,11.1401807204341
103.15,23.9632248704769
103.25,14.692442530494
103.35,12.2375729204912
103.45,14.6888768204626
103.55,17.9632248704769
103.65,34.0570513605026
103.75,37.4180944804798
103.85,5.59861604046833
103.95,13.2482700505854
104.05,24.876529800514
104.15,5.23400721045975
104.25,7.6853111104312
104.35,20.2411386305226
104.45,15.5154866805369
104.55,15.876529800514
104.65,16.7862690205197
104.75,30.4145287704483
104.85,27.3207022804226
104.95,16.1437464304655
105.05,28.796966150614
105.15,30.9632248704769
105.25,22.692442530494
105.35,20.1473121404969
105.45,12.8836612205768
105.55,30.4216601905112
105.65,6.59861604046833
105.75,18.4180944804798
105.85,39.4145287704483
105.95,28.9703562905397
106.05,9.87652980051402
106.15,12.9596591604455
106.25,12.3207022804226
106.35,15.1437464304655
106.45,26.9667905805083
106.55,27.7791376004569
106.65,14.3278337004855
106.75,4.88009551054543
106.85,19.324267990454
106.95,22.0570513605026
107.05,36.5012238404112
107.15,14.692442530494
107.25,20.2340072104598
107.35,27.9560934504141
107.45,11.508355260474
107.55,16.4180944804798
107.65,33.2411386305226
107.75,6.50478955044262
107.85,10.2375729204912
107.95,29.0463542304084
108.05,17.6817454003998
108.15,13.674613980337
108.25,5.50122384041121
108.35,16.7720061803941
108.45,12.8622669603884
108.55,21.1366150104027
108.65,14.0427885203769
108.75,16.4073973503855
108.85,-6.49521044955738
108.95,12.2233100803655
109.05,12.5879189103741
109.15,4.40739735038551
109.25,11.8622669603884
109.35,6.12948359033982
109.45,4.49409242034839
109.55,13.1330493003712
109.65,7.04635423040835
109.75,4.4038316403541
109.85,6.94539632031983
109.95,-5.5023418696202
110.05,8.03209139028271
110.15,4.67461398033697
110.25,24.4038316403541
110.35,11.9489620303512
110.45,-2.5023418696202
110.55,-5.68642913964018
110.65,3.67461398033697
110.75,5.21974437033411
110.85,9.48696100028556
110.95,3.4038316403541
111.05,6.40739735038551
111.15,3.12948359033982
111.25,23.1259178803084
111.35,-8.87051640966018
111.45,4.95252774038265
111.55,6.2161786603027
111.65,11.1259178803084
111.75,10.4038316403541
111.85,-3.14486445967446
111.95,16.2197443703341
112.05,5.76844047036266
112.15,8.12948359033982
112.25,10.9489620303512
112.35,22.8551355403255
112.45,18.7648747603313
112.55,0.216178660302695
112.65,16.7684404703627
112.75,24.2161786603027
112.85,-0.0546036796801701
112.95,15.5807874903113
113.05,3.67461398033697
113.15,7.31713657039123
113.25,6.67461398033697
113.35,13.306439440297
113.45,1.67817969036838
113.55,15.7648747603313
113.65,8.58435320034268
113.75,10.3135708603598
113.85,10.9489620303512
113.95,18.0463542304084
114.05,7.77200618039407
114.15,5.12948359033982
114.25,16.5012238404112
114.35,11.324267990454
114.45,17.3135708603598
114.55,4.50122384041121
114.65,11.0392228103455
114.75,14.7755718904255
114.85,19.0392228103455
114.95,4.22331008036552
115.05,15.4109630604169
115.15,3.94539632031983
115.25,12.4940924203484
115.35,2.6853111104312
115.45,11.2197443703341
115.55,6.32070228042264
115.65,8.85870125035696
115.75,5.77200618039407
115.85,20.3100051503284
115.95,-0.780255629665888
116.05,3.94896203035124
116.15,21.1330493003712
116.25,2.22331008036552
116.35,2.31713657039123
116.45,20.5807874903113
116.55,11.5843532003427
116.65,19.5807874903113
116.75,6.68174540039979
116.85,9.31357086035982
116.95,11.0356571003141
117.05,3.58078749031127
117.15,13.1294835903398
117.25,9.22331008036552
117.35,6.22331008036552
117.45,16.7720061803941
117.55,1.85156983029413
117.65,7.21974437033411
117.75,13.6781796903684
117.85,17.7613090502998
117.95,10.7684404703627
118.05,13.4940924203484
118.15,25.4940924203484
118.25,2.76487476033125
118.35,12.3135708603598
118.45,7.94896203035124
118.55,1.67461398033697
118.65,13.4940924203484
118.75,22.8551355403255
118.85,10.6710482703056
118.95,10.9453963203198
119.05,12.5879189103741
119.15,-0.505907579651605
119.25,4.67817969036838
119.35,12.4940924203484
119.45,17.4073973503855
119.55,6.76487476033125
119.65,8.40739735038551
119.75,16.9453963203198
119.85,6.12948359033982
119.95,15.9489620303512
120.05,3.4038316403541
120.15,4.3100051503284
120.25,14.674613980337
120.35,6.85513554032554
120.45,0.674613980336972
120.55,3.48696100028556
120.65,3.12591788030841
120.75,13.3100051503284
120.85,15.4869610002856
120.95,9.4038316403541
121.05,1.58435320034268
121.15,0.494092420348395
121.25,10.0356571003141
121.35,13.122352170277
121.45,12.3100051503284
121.55,-8.86695069962877
121.65,10.4002659303227
121.75,3.95609345041407
121.85,8.12591788030841
121.95,10.4002659303227
122.05,11.122352170277
122.15,-0.870516409660183
122.25,24.490526710317
122.35,1.67461398033697
122.45,8.21974437033411
122.55,10.5843532003427
122.65,-4.60329977970873
122.75,0.0356571003141184
122.85,17.1259178803084
122.95,1.2161786603027
123.05,-0.693560559703016
123.15,-0.141298749643042
123.25,6.30643944029698
123.35,14.5807874903113
123.45,-1.41208108962591
123.55,3.40026593032269
123.65,12.1259178803084
123.75,16.9418306102884
123.85,1.3100051503284
123.95,14.9418306102884
124.05,-2.78025562966589
124.15,2.03565710031412
124.25,13.674613980337
124.35,-1.59973406967731
124.45,-11.6899948496716
124.55,-9.41564679965732
124.65,6.94183061028842
124.75,18.2233100803655
124.85,15.490526710317
124.95,11.490526710317
125.05,10.490526710317
125.15,7.40026593032269
125.25,9.57722178027985
125.35,8.49052671031698
125.45,16.3028737302656
125.55,13.4869610002856
125.65,4.40026593032269
125.75,-17.6899948496716
125.85,5.76487476033125
125.95,13.6710482703056
126.05,11.7613090502998
126.15,2.76487476033125
126.25,5.39313451025986
126.35,6.12591788030841
126.45,4.3100051503284
126.55,-1.51660470974585
126.65,0.219744370334112
126.75,5.03922281034554
126.85,7.48696100028556
126.95,-8.87408211969159
127.05,1.2161786603027
127.15,4.76130905029984
127.25,14.4038316403541
127.35,7.76487476033125
127.45,2.94539632031983
127.55,12.8551355403255
127.65,8.40026593032269
127.75,12.5772217802798
127.85,12.3100051503284
127.95,10.7648747603313
128.05,7.3100051503284
128.15,9.76487476033125
128.25,14.858701250357
128.35,4.4038316403541
128.45,18.674613980337
128.55,-7.05460367968017
128.65,-0.596168359645901
128.75,10.2161786603027
128.85,0.212612950271286
128.95,2.85870125035696
129.05,11.3967002202913
129.15,-1.87051640966018
129.25,15.9453963203198
129.35,8.94896203035124
129.45,-6.86695069962877
129.55,-8.59973406967731
129.65,6.03209139028271
129.75,7.30643944029698
129.85,16.490526710317
129.95,9.85156983029413
130.05,7.4038316403541
130.15,13.490526710317
130.25,10.3171365703912
130.35,13.0392228103455
130.45,10.7684404703627
130.55,-11.7802556296659
130.65,0.129483590339817
130.75,13.0320913902827
130.85,1.39670022029127
130.95,-0.689994849671599
131.05,12.5807874903113
131.15,-5.23869094970016
131.25,14.9525277403826
131.35,17.1259178803084
131.45,3.03565710031412
131.55,10.0392228103455
131.65,9.03922281034554
131.75,5.21974437033411
131.85,6.95252774038265
131.95,0.216178660302695
132.05,10.7577433402684
132.15,0.94539632031983
132.25,17.2197443703341
132.35,2.4976581303798
132.45,6.50122384041121
132.55,7.03565710031412
132.65,7.94539632031983
132.75,18.306439440297
132.85,7.67461398033697
132.95,1.12591788030841
133.05,11.3967002202913
133.15,15.1259178803084
133.25,27.3100051503284
133.35,11.2197443703341
133.45,17.5843532003427
133.55,10.4940924203484
133.65,11.6781796903684
133.75,-9.05103796964876
133.85,-0.780255629665888
133.95,4.31357086035982
134.05,-2.95721147962306
134.15,-9.13416732958022
134.25,20.0427885203769
134.35,24.2233100803655
134.45,0.587918910374086
134.55,13.7720061803941
134.65,7.50478955044262
134.75,11.4145287704483
134.85,20.6781796903684
134.95,14.1401807204341
135.05,10.8693983804512
135.15,21.5012238404112
135.25,-6.22799381960593
135.35,38.3207022804226
135.45,1.7755718904255
135.55,-8.49164473952597
135.65,11.4109630604169
135.75,5.59505033043692
135.85,9.04635423040835
135.95,12.858701250357
136.05,7.23044150042834
136.15,-2.5961683596459
136.25,-7.86338498959735
136.35,-1.04747225961735
136.45,9.4976581303798
136.55,14.0463542304084
136.65,1.86226696038837
136.75,6.2161786603027
136.85,8.03922281034554
136.95,2.4976581303798
137.05,7.85870125035696
137.15,2.31713657039123
137.25,4.86226696038837
137.35,9.49409242034839
137.45,12.0427885203769
137.55,3.58435320034268
137.65,6.30643944029698
137.75,2.94539632031983
137.85,11.2197443703341
137.95,9.13304930037123
138.05,4.12948359033982
138.15,5.85870125035696
138.25,-8.32538601966303
138.35,8.49052671031698
138.45,10.6674825602741
138.55,8.85513554032554
138.65,16.4002659303227
138.75,19.8515698302941
138.85,5.2161786603027
138.95,2.66748256027414
139.05,11.4002659303227
139.15,12.0392228103455
139.25,10.7577433402684
139.35,0.122352170276997
139.45,5.30643944029698
139.55,-2.14486445967446
139.65,10.9418306102884
139.75,8.49052671031698
139.85,-5.86695069962877
139.95,15.3100051503284
